,0
0,2019-12-28 20:00:00
